$ANSIBLE_VAULT;1.1;AES256
31306461616465363635626462393533323935643538633262343536323364616232373761353336
6535383262346161623739326335333534636234643664620a383235396535306137643931623363
35366663396136616663353461373662313837316532383131303330363261363233336437613037
6434623063343366340a633536656234383639623431396631326637633939346430623239653763
30636639363464383634393663613832373965383466313939663465613063646638363935363064
36316436363036313562313463356134613837616562383538616534653430653632633331633465
36616237343833616538613535633463386161383766326230363165373261316333386433313066
33376366343636326164633137356338373766656466666232616661653135353435373637363631
66653961333161633433383038373865623630613231363666636162643233323966333034636135
32323935343266346462643432396635653462346361626465303834346630323930323033353039
32313361333230326564343032366264623765613237333032353562393335323330383334326361
62396630303230303861316662646130633866653436643766343165616566613633616432313062
64643438633835346662626130613330356630303866363738326234633138353737646433366166
66626534313835303738313938333861316531643732653533386231363036326663333536643433
64653338366363303333313035636464363861363764376431663930613066663865373330653337
64316535363038303765376633343738636230376566663339316430376235323763306334373666
62333733646339336639366133306463373532353231346338363831666537333462306236343161
38613033373635656232306535663337666332343764626538303632376631363663396232663831
64646666393162643762323939643736616261336438346333356465663134653131383763663962
37303130656366376665666365626136626131353165303262643832313538373961616136656561
33316166643265366533363431343464326439353932653163316333363235663062353864346438
30653538316337376231383432343239646337353533333034353463633033346662383162383262
35656165303835343165626337373766613062666135313863323363666465386530633865643139
61666638636163666336653632323561356463643564356438616265396139393063616261393739
61656436346464623730386631346330333730363665616134623334383131353661623834366630
63343935613963303732643463646137353830313331636230653038653939303863626166663138
33646562666633333965306131376530383837306532613664343762336364623532313033383633
62613833386164326136386436616236336566303862613138323761623262643030356231623238
35393965383866623434353434366333346161333232333964383535316563323966636130363233
34323262333638643231363565316139383166383739366565376565316137666661623336326133
39343938383538623930373537643466363131633665303466613062373862663736656335336633
32393636383134333938646166633835356462656335373531373463306565313833616133313437
63366666643831306130386132613932343365346436363333616435333466663763646237623561
36353234313862623938373831633935313239363662653162666235383561623162346531666134
37373839613635393764633163376463313961343531383534396132346664353163643836636136
61353237326365616532313264613930663237373065356231653764616235313962366561313766
65653738623039336431333165326363386162396366393139303864636436656434363036663863
65623538306561336534343134303463353766353537626331643432323863356464643837323062
33613435336336316133663265643434343466393033633933323937363161663362343836616339
37393633393936346639346361333435636465653430333863383938643830393165353034653863
36376463666365623633316139393236346338356433613262316532633936626530393731333562
32343430306466626364376335343866343434336237616531333861393631396534356537663266
65356135316436363164393061633930356530636262623165663062363665316439663563353766
34383739393230623230613838656631353636323130303064306232646530343335326332613062
33313136636664313139303664326136343838663363613333326235336462386336616432393330
30623936376432633765306566643232663966313835383265376536306137353635666233396662
30633437316138303265393438383262366164366565373333633731343737336637646365613464
64316631396663363234306266386532313133323139373761663037643732326133646435356331
66346362666363346532306465336466656461313637316566633735303238386134303339616336
64306165303933333234636463616464653864616437363037323262343533633134343261646161
30623935626532666265623063323564643531656632643239313739666138313961663066323235
36393438373839643935376634383537383665303763636632333731316239323332353734656631
38333232613031313231383335626232666231623235666238653837383963643766366161653839
61306430656335666433663062363031303536623330386136653933336137393563343962326462
38633164653562633834313164363265383265316663653261343737653736353936663563653939
63663131653861383136333664616562303833383438333836376633396633626339613730646334
64376437363331366539393463623933643038323732353834663830303831366138386234623764
64653132373639323061393832653936346532346537663338363262363336353362666165376430
32313039323765623663353765376136326466343933316334376231643362663835613064363364
35313566366334666563
