$ANSIBLE_VAULT;1.1;AES256
61393636333738636132656136393462613563316639646130663266633965383332356337643131
6431376131636635636166306532616136626663643733330a353365623836363139613035376639
33633132316564333833373734626564343662373833643539363731346562393730393633653636
3934636130383634640a343038313562343639323133643337386133663634323037636566343061
30303663396130356663383762356435373639343563383364313465356439386335363866353238
34353166303665336363396432643038613337323634356331656166326630323435373939346430
62383333316665303036643335393832303462353536623830633532363062303931376337313864
33316531323163643538383033366537633430313035363766303262656539363565326539313266
62333463313166633962633333393139643061323565353631353266383631353164353766376163
38363032633539363738336239373864333435616166636634383430643138303132343131343035
33616365323838646337626338666661663637333335643434613239346139346132663164363563
38343131643136613034656434316231373135663539323130386538313064633835336137653666
33326534316330646365373262323365363830383965613035663166326666643365323337616138
36653961333561373964646336663737643366646336363137663164646533616166616335346337
37366134363937356266383966653438363034373631353838313363633866323863386535353138
39643636333066616130613564613736653364653232623966663335313765393837633630646636
32646664633733626335376135393465616530626461333136623666353338643630346365393432
62333038613336333933373363303865666433656639636364356237323466363831633734306434
39343335323363396263306433376232623766303737316164373239373731343765643531393335
31323536393934613834356233643238643632663561666137646364343161616234326131643738
31653831626336356436383539336638333933333464326564646661343763663938386562393233
66383865666530643561393239346662623366396462653631356139316134373765623436653762
31343638653831623865383639666263613436386434333434396665343563343936306163326361
35393235373434646335356665643933636634353436333662353966653965633764626235653631
35656330343739333239383434663234366266363764393830303466316439326165336238663666
36323631306531363366376463383665666265323063376164373363636238633666313831346139
66396638393864653362643236623463323538663864363362623465333762363932616565326566
30356339663065623763636436633964326463323063623561313664663162306166663838653437
61373361633961656434363735336562663139393763616434346362316237323937646434643432
62666439383730316132363162626330323363646230653765636431356366343736323137363764
65323864313235316536633938326261343233353631343335386438333663363962616436396234
64633531383237363531336332653464363661356332643133616666656631333464656461656637
64353634333237336337626138653862383834383434353432626636633837303531373631353231
33613634383337363834386335633065373037646566616661653137353038396561303634613039
37393566316134303333363030306633306435316335366264396535626339386437633039366238
39633632313037333364343562353430623661303363393565313361633539353930653932376335
39373737383733366666343833333531333737646136353864313133393938393738313839313233
37396365343166643839666636653064646235353130396637613433386131373963636135326234
33316463643537656636393538613663643530643434653566353437366363643036303231383061
34343932666230363331656665396536646363353138356635353630346432393962396139363866
62653139306363353966343936643434373532366265356664333561363830393865346135333366
65333763653034653831336639363564346531306633626664313866363338623631373666353537
35666136656232306235626532363961306535326263316438653636333637343066633630643731
33396366376638326465656137393137306666626565653536313764386138363666313937616636
35623732396636356139613432323630616366666635653030313233396239306661383861333137
38666138336631316463633330303366306439383039643534623263613338646433323261666234
64666537613064396533613732643731366336303063373562316530626439326466643766313631
34336465663537316239383664313839316662363935623634323133353030623163643437313863
35303237643931373666633533633536646432386337323865646337663630373837306530633236
65316538353466316635363435613630353839336231643461663264386335313338306535366464
33316330626466376264353566303334666631353837333836306632343964393366313065653337
36656331363561303063306137653736663934373361373931653862383231613963336137363165
36313961653034363538326365663164346466636363373563613735373764383064323030633164
63363030636430366433323436653835636666356332636365666565363137373839663265623330
30623433363136383764303066633334333161323631383235336661623061626361356161346133
61636131336530653461626665326539336432353033613238663231386339643330343461386661
33343163393164336664306433633431333966626537633234626139346361353163383931376231
30616235333637323666643163383938343635376265663531343962333364316132323761656633
64663738396636346436306638393862653634626130643262353838336135346438643063303963
63393365643362313664303335666132393232323030316130386366386331336664623235633236
32323736323737373935393765663462626562663237343761663632313233386633613961663637
66336338353036633662653863643739313935336238356666316539386461356363373133666666
65663835316638326566323835363033383161316337356235323864386637353739616431306237
34613665313230346662386339396432363962643434396562376337386431636662366564613761
38663862636638393765356261646634666539663339396133333830393861396366323336386565
6365643139643730643433393335373131383362393161303833
